[gd_scene load_steps=5 format=2]

[ext_resource path="res://addons/bone_editor/BoneHandle.gd" type="Script" id=1]
[ext_resource path="res://addons/bone_editor/BoneEditor.gd" type="Script" id=2]
[ext_resource path="res://addons/bone_editor/BoneHandle.tscn" type="PackedScene" id=3]

[sub_resource type="Animation" id=1]
resource_name = "rest"
tracks/0/type = "transform"
tracks/0/path = NodePath(".:Back")
tracks/0/interp = 1
tracks/0/loop_wrap = true
tracks/0/imported = false
tracks/0/enabled = true
tracks/0/keys = PoolRealArray( 0, 1, 0, 0, 0, 0, 0, 0, 1, 1, 1, 1 )
tracks/1/type = "transform"
tracks/1/path = NodePath(".:Hip")
tracks/1/interp = 1
tracks/1/loop_wrap = true
tracks/1/imported = false
tracks/1/enabled = true
tracks/1/keys = PoolRealArray( 0, 1, 0, 0, 0, 0, 0, 0, 1, 1, 1, 1 )
tracks/2/type = "transform"
tracks/2/path = NodePath(".:ThighRight")
tracks/2/interp = 1
tracks/2/loop_wrap = true
tracks/2/imported = false
tracks/2/enabled = true
tracks/2/keys = PoolRealArray( 0, 1, 0, 0, 0, 0, 0, 0, 1, 1, 1, 1 )
tracks/3/type = "transform"
tracks/3/path = NodePath(".:ShinRight")
tracks/3/interp = 1
tracks/3/loop_wrap = true
tracks/3/imported = false
tracks/3/enabled = true
tracks/3/keys = PoolRealArray( 0, 1, 0, 0, 0, 0, 0, 0, 1, 1, 1, 1 )
tracks/4/type = "transform"
tracks/4/path = NodePath(".:FootRight")
tracks/4/interp = 1
tracks/4/loop_wrap = true
tracks/4/imported = false
tracks/4/enabled = true
tracks/4/keys = PoolRealArray( 0, 1, 0, 0, 0, 0, 0, 0, 1, 1, 1, 1 )
tracks/5/type = "transform"
tracks/5/path = NodePath(".:ToesRight")
tracks/5/interp = 1
tracks/5/loop_wrap = true
tracks/5/imported = false
tracks/5/enabled = true
tracks/5/keys = PoolRealArray( 0, 1, 0, 0, 0, 0, 0, 0, 1, 1, 1, 1 )
tracks/6/type = "transform"
tracks/6/path = NodePath(".:ThighLeft")
tracks/6/interp = 1
tracks/6/loop_wrap = true
tracks/6/imported = false
tracks/6/enabled = true
tracks/6/keys = PoolRealArray( 0, 1, 0, 0, 0, 0, 0, 0, 1, 1, 1, 1 )
tracks/7/type = "transform"
tracks/7/path = NodePath(".:ShinLeft")
tracks/7/interp = 1
tracks/7/loop_wrap = true
tracks/7/imported = false
tracks/7/enabled = true
tracks/7/keys = PoolRealArray( 0, 1, 0, 0, 0, 0, 0, 0, 1, 1, 1, 1 )
tracks/8/type = "transform"
tracks/8/path = NodePath(".:FootLeft")
tracks/8/interp = 1
tracks/8/loop_wrap = true
tracks/8/imported = false
tracks/8/enabled = true
tracks/8/keys = PoolRealArray( 0, 1, 0, 0, 0, 0, 0, 0, 1, 1, 1, 1 )
tracks/9/type = "transform"
tracks/9/path = NodePath(".:ToesLeft")
tracks/9/interp = 1
tracks/9/loop_wrap = true
tracks/9/imported = false
tracks/9/enabled = true
tracks/9/keys = PoolRealArray( 0, 1, 0, 0, 0, 0, 0, 0, 1, 1, 1, 1 )
tracks/10/type = "transform"
tracks/10/path = NodePath(".:UpperarmRight")
tracks/10/interp = 1
tracks/10/loop_wrap = true
tracks/10/imported = false
tracks/10/enabled = true
tracks/10/keys = PoolRealArray( 0, 1, 0, 0, 0, 0, 0, 0, 1, 1, 1, 1 )
tracks/11/type = "transform"
tracks/11/path = NodePath(".:ForearmRight")
tracks/11/interp = 1
tracks/11/loop_wrap = true
tracks/11/imported = false
tracks/11/enabled = true
tracks/11/keys = PoolRealArray( 0, 1, 0, 0, 0, 0, 0, 0, 1, 1, 1, 1 )
tracks/12/type = "transform"
tracks/12/path = NodePath(".:HandRight")
tracks/12/interp = 1
tracks/12/loop_wrap = true
tracks/12/imported = false
tracks/12/enabled = true
tracks/12/keys = PoolRealArray( 0, 1, 0, 0, 0, 0, 0, 0, 1, 1, 1, 1 )
tracks/13/type = "transform"
tracks/13/path = NodePath(".:Fingers1Right")
tracks/13/interp = 1
tracks/13/loop_wrap = true
tracks/13/imported = false
tracks/13/enabled = true
tracks/13/keys = PoolRealArray( 0, 1, 0, 0, 0, 0, 0, 0, 1, 1, 1, 1 )
tracks/14/type = "transform"
tracks/14/path = NodePath(".:Fingers2Right")
tracks/14/interp = 1
tracks/14/loop_wrap = true
tracks/14/imported = false
tracks/14/enabled = true
tracks/14/keys = PoolRealArray( 0, 1, 0, 0, 0, 0, 0, 0, 1, 1, 1, 1 )
tracks/15/type = "transform"
tracks/15/path = NodePath(".:Thumb1Right")
tracks/15/interp = 1
tracks/15/loop_wrap = true
tracks/15/imported = false
tracks/15/enabled = true
tracks/15/keys = PoolRealArray( 0, 1, 0, 0, 0, 0, 0, 0, 1, 1, 1, 1 )
tracks/16/type = "transform"
tracks/16/path = NodePath(".:Thumb2Right")
tracks/16/interp = 1
tracks/16/loop_wrap = true
tracks/16/imported = false
tracks/16/enabled = true
tracks/16/keys = PoolRealArray( 0, 1, 0, 0, 0, 0, 0, 0, 1, 1, 1, 1 )
tracks/17/type = "transform"
tracks/17/path = NodePath(".:Head")
tracks/17/interp = 1
tracks/17/loop_wrap = true
tracks/17/imported = false
tracks/17/enabled = true
tracks/17/keys = PoolRealArray( 0, 1, 0, 0, 0, 0, 0, 0, 1, 1, 1, 1 )
tracks/18/type = "transform"
tracks/18/path = NodePath(".:UpperarmLeft")
tracks/18/interp = 1
tracks/18/loop_wrap = true
tracks/18/imported = false
tracks/18/enabled = true
tracks/18/keys = PoolRealArray( 0, 1, 0, 0, 0, 0, 0, 0, 1, 1, 1, 1 )
tracks/19/type = "transform"
tracks/19/path = NodePath(".:ForearmLeft")
tracks/19/interp = 1
tracks/19/loop_wrap = true
tracks/19/imported = false
tracks/19/enabled = true
tracks/19/keys = PoolRealArray( 0, 1, 0, 0, 0, 0, 0, 0, 1, 1, 1, 1 )
tracks/20/type = "transform"
tracks/20/path = NodePath(".:HandLeft")
tracks/20/interp = 1
tracks/20/loop_wrap = true
tracks/20/imported = false
tracks/20/enabled = true
tracks/20/keys = PoolRealArray( 0, 1, 0, 0, 0, 0, 0, 0, 1, 1, 1, 1 )
tracks/21/type = "transform"
tracks/21/path = NodePath(".:Fingers1Left")
tracks/21/interp = 1
tracks/21/loop_wrap = true
tracks/21/imported = false
tracks/21/enabled = true
tracks/21/keys = PoolRealArray( 0, 1, 0, 0, 0, 0, 0, 0, 1, 1, 1, 1 )
tracks/22/type = "transform"
tracks/22/path = NodePath(".:Fingers2Left")
tracks/22/interp = 1
tracks/22/loop_wrap = true
tracks/22/imported = false
tracks/22/enabled = true
tracks/22/keys = PoolRealArray( 0, 1, 0, 0, 0, 0, 0, 0, 1, 1, 1, 1 )
tracks/23/type = "transform"
tracks/23/path = NodePath(".:Thumb1Left")
tracks/23/interp = 1
tracks/23/loop_wrap = true
tracks/23/imported = false
tracks/23/enabled = true
tracks/23/keys = PoolRealArray( 0, 1, 0, 0, 0, 0, 0, 0, 1, 1, 1, 1 )
tracks/24/type = "transform"
tracks/24/path = NodePath(".:Thumb2Left")
tracks/24/interp = 1
tracks/24/loop_wrap = true
tracks/24/imported = false
tracks/24/enabled = true
tracks/24/keys = PoolRealArray( 0, 1, 0, 0, 0, 0, 0, 0, 1, 1, 1, 1 )

[node name="MaleArm" type="Skeleton"]
transform = Transform( 0.5, -1.50996e-07, -1.13999e-14, 0, 3.7749e-08, -0.5, 1.50996e-07, 0.5, 3.7749e-08, -0.499893, 1.61496, 0.0189095 )
bones/0/name = "Back"
bones/0/parent = -1
bones/0/rest = Transform( 1, 0, 0, 0, -0.998607, -0.0527629, 0, 0.0527629, -0.998607, 0, -0.149781, 0.194208 )
bones/0/enabled = true
bones/0/bound_children = [  ]
bones/1/name = "Hip"
bones/1/parent = 0
bones/1/rest = Transform( 1, 0, 0, 0, 0.999026, -0.0441263, 0, 0.0441263, 0.999026, 0, -7.45058e-09, -0.614868 )
bones/1/enabled = true
bones/1/bound_children = [  ]
bones/2/name = "Thigh.Right"
bones/2/parent = 1
bones/2/rest = Transform( -0.945162, 0.309841, 0.103279, -0.310721, -0.950469, 0.00786365, 0.1006, -0.0246586, 0.994621, -0.198623, -0.023612, -0.474928 )
bones/2/enabled = true
bones/2/bound_children = [  ]
bones/3/name = "Shin.Right"
bones/3/parent = 2
bones/3/rest = Transform( -0.220198, 0.9749, 0.032918, -0.968973, -0.222494, 0.107647, 0.112269, -0.00819295, 0.993644, -1.49012e-08, 2.23517e-08, -0.82424 )
bones/3/enabled = true
bones/3/bound_children = [  ]
bones/4/name = "Foot.Right"
bones/4/parent = 3
bones/4/rest = Transform( -0.081766, 0.15084, 0.985171, -0.990994, -0.117477, -0.0642622, 0.106042, -0.981553, 0.159088, 0, -7.45058e-09, -0.993004 )
bones/4/enabled = true
bones/4/bound_children = [  ]
bones/5/name = "Toes.Right"
bones/5/parent = 4
bones/5/rest = Transform( 0.999998, -0.00124178, -0.00130393, 0.0014276, 0.988093, 0.153848, 0.00109736, -0.153849, 0.988094, -3.3906e-08, 3.82774e-07, -0.290882 )
bones/5/enabled = true
bones/5/bound_children = [  ]
bones/6/name = "Thigh.Left"
bones/6/parent = 1
bones/6/rest = Transform( -0.945162, -0.309841, -0.103279, 0.310721, -0.950469, 0.00786365, -0.1006, -0.0246586, 0.994621, 0.198623, -0.023612, -0.474928 )
bones/6/enabled = true
bones/6/bound_children = [  ]
bones/7/name = "Shin.Left"
bones/7/parent = 6
bones/7/rest = Transform( -0.220198, -0.9749, -0.032918, 0.968973, -0.222494, 0.107647, -0.112269, -0.00819295, 0.993644, 1.49012e-08, 2.23517e-08, -0.82424 )
bones/7/enabled = true
bones/7/bound_children = [  ]
bones/8/name = "Foot.Left"
bones/8/parent = 7
bones/8/rest = Transform( -0.081766, -0.15084, -0.985171, 0.990994, -0.117477, -0.0642622, -0.106042, -0.981553, 0.159088, 0, -7.45058e-09, -0.993004 )
bones/8/enabled = true
bones/8/bound_children = [  ]
bones/9/name = "Toes.Left"
bones/9/parent = 8
bones/9/rest = Transform( 0.999998, 0.00124178, 0.00130393, -0.0014276, 0.988093, 0.153848, -0.00109736, -0.153849, 0.988094, 3.3906e-08, 3.82774e-07, -0.290882 )
bones/9/enabled = true
bones/9/bound_children = [  ]
bones/10/name = "Upperarm.Right"
bones/10/parent = 0
bones/10/rest = Transform( 0.0104544, -0.0693391, 0.997538, 0.01661, -0.997443, -0.0695065, 0.999807, 0.0172958, -0.00927599, -0.345036, 0.038447, -0.0612958 )
bones/10/enabled = true
bones/10/bound_children = [  ]
bones/11/name = "Forearm.Right"
bones/11/parent = 10
bones/11/rest = Transform( 0.990744, -0.127682, -0.0460907, 0.120635, 0.983835, -0.132349, 0.0622442, 0.125564, 0.990131, -1.67638e-08, 0, -0.598805 )
bones/11/enabled = true
bones/11/bound_children = [  ]
bones/12/name = "Hand.Right"
bones/12/parent = 11
bones/12/rest = Transform( 0.999528, -0.0171325, 0.0254784, 0.0176391, 0.999648, -0.0197944, -0.0251303, 0.0202345, 0.999479, -1.86265e-09, 2.79397e-09, -0.495622 )
bones/12/enabled = true
bones/12/bound_children = [  ]
bones/13/name = "Fingers1.Right"
bones/13/parent = 12
bones/13/rest = Transform( 0.996751, 0.0701235, 0.0396271, -0.0727697, 0.994901, 0.0698359, -0.0345278, -0.0724927, 0.996771, -1.95578e-08, 2.23517e-08, -0.224584 )
bones/13/enabled = true
bones/13/bound_children = [  ]
bones/14/name = "Fingers2.Right"
bones/14/parent = 13
bones/14/rest = Transform( 0.999905, -0.0137795, -6.46385e-05, 0.0137774, 0.999812, -0.0136773, 0.000253093, 0.0136751, 0.999907, -1.87647e-08, -6.75209e-09, -0.0995105 )
bones/14/enabled = true
bones/14/bound_children = [  ]
bones/15/name = "Thumb1.Right"
bones/15/parent = 12
bones/15/rest = Transform( 0.995454, 0.0288819, -0.0907642, -0.0952477, 0.297722, -0.949889, -0.000412144, 0.954216, 0.299119, -0.0120824, 0.0845715, -0.0919722 )
bones/15/enabled = true
bones/15/bound_children = [  ]
bones/16/name = "Thumb2.Right"
bones/16/parent = 15
bones/16/rest = Transform( 0.877045, -0.479943, -0.0211305, 0.480225, 0.877076, 0.0110037, 0.0132519, -0.0197981, 0.999716, -9.99717e-09, -1.08033e-07, -0.115729 )
bones/16/enabled = true
bones/16/bound_children = [  ]
bones/17/name = "Head"
bones/17/parent = 0
bones/17/rest = Transform( 1, -2.5619e-07, -1.49214e-13, -2.53435e-07, -0.989248, 0.146247, -3.7467e-08, -0.146247, -0.989248, 0, -0.051711, 0.111214 )
bones/17/enabled = true
bones/17/bound_children = [  ]
bones/18/name = "Upperarm.Left"
bones/18/parent = 0
bones/18/rest = Transform( 0.0104544, 0.0693391, -0.997538, -0.01661, -0.997443, -0.0695065, -0.999807, 0.0172958, -0.00927599, 0.345036, 0.038447, -0.0612958 )
bones/18/enabled = true
bones/18/bound_children = [  ]
bones/19/name = "Forearm.Left"
bones/19/parent = 18
bones/19/rest = Transform( 0.990744, 0.127682, 0.0460907, -0.120635, 0.983835, -0.132349, -0.0622442, 0.125564, 0.990131, 1.67638e-08, 0, -0.598805 )
bones/19/enabled = true
bones/19/bound_children = [  ]
bones/20/name = "Hand.Left"
bones/20/parent = 19
bones/20/rest = Transform( 0.999528, 0.0171325, -0.0254785, -0.0176391, 0.999648, -0.0197944, 0.0251304, 0.0202345, 0.999479, 1.86265e-09, 2.79397e-09, -0.495622 )
bones/20/enabled = true
bones/20/bound_children = [  ]
bones/21/name = "Fingers1.Left"
bones/21/parent = 20
bones/21/rest = Transform( 0.996751, -0.0701235, -0.039627, 0.0727697, 0.994901, 0.0698359, 0.0345277, -0.0724927, 0.996771, -1.58325e-08, 7.45058e-09, -0.224584 )
bones/21/enabled = true
bones/21/bound_children = [  ]
bones/22/name = "Fingers2.Left"
bones/22/parent = 21
bones/22/rest = Transform( 0.999905, 0.0137795, 6.4441e-05, -0.0137773, 0.999812, -0.0136773, -0.000252895, 0.0136751, 0.999906, 1.22309e-08, 1.28057e-08, -0.0995105 )
bones/22/enabled = true
bones/22/bound_children = [  ]
bones/23/name = "Thumb1.Left"
bones/23/parent = 20
bones/23/rest = Transform( 0.995454, -0.0288818, 0.0907641, 0.0952477, 0.297722, -0.949889, 0.000412097, 0.954216, 0.299119, 0.0120824, 0.0845715, -0.0919723 )
bones/23/enabled = true
bones/23/bound_children = [  ]
bones/24/name = "Thumb2.Left"
bones/24/parent = 23
bones/24/rest = Transform( 0.877045, 0.479943, 0.0211303, -0.480225, 0.877076, 0.0110018, -0.0132526, -0.0197964, 0.999716, 3.33239e-09, 8.46339e-08, -0.115729 )
bones/24/enabled = true
bones/24/bound_children = [  ]

[node name="AnimationPlayer" type="AnimationPlayer" parent="."]
anims/rest = SubResource( 1 )

[node name="BoneEditor" type="Spatial" parent="."]
script = ExtResource( 2 )
control_skeleton = NodePath("..")
edit_animation_player = NodePath("../AnimationPlayer")

[node name="Back" type="Spatial" parent="BoneEditor" instance=ExtResource( 3 )]
transform = Transform( 1, 0, 0, 0, 1, 0, 0, 0, 1, 0, -0.149781, 0.194208 )
script = ExtResource( 1 )

[node name="Hip" type="Spatial" parent="BoneEditor/Back" instance=ExtResource( 3 )]
transform = Transform( 1, 0, 0, 0, 1, 0, 0, 0, 1, 0, 0.0324422, 0.614011 )
script = ExtResource( 1 )

[node name="ThighRight" type="Spatial" parent="BoneEditor/Back/Hip" instance=ExtResource( 3 )]
transform = Transform( 1, 0, 0, 0, 1, 0, 0, 0, 1, -0.198623, 0.0277177, 0.474706 )
script = ExtResource( 1 )

[node name="ShinRight" type="Spatial" parent="BoneEditor/Back/Hip/ThighRight" instance=ExtResource( 3 )]
transform = Transform( 1, 0, 0, 0, 1, 0, 0, 0, 1, -0.0851267, 0.0135699, 0.81972 )
script = ExtResource( 1 )

[node name="FootRight" type="Spatial" parent="BoneEditor/Back/Hip/ThighRight/ShinRight" instance=ExtResource( 3 )]
transform = Transform( 1, 0, 0, 0, 1, 0, 0, 0, 1, -0.10413, -0.0955018, 0.9829 )
script = ExtResource( 1 )

[node name="ToesRight" type="Spatial" parent="BoneEditor/Back/Hip/ThighRight/ShinRight/FootRight" instance=ExtResource( 3 )]
transform = Transform( 1, 0, 0, 0, 1, 0, 0, 0, 1, -0.000309748, 0.281298, 0.0740509 )
script = ExtResource( 1 )

[node name="ThighLeft" type="Spatial" parent="BoneEditor/Back/Hip" instance=ExtResource( 3 )]
transform = Transform( 1, 0, 0, 0, 1, 0, 0, 0, 1, 0.198623, 0.0277177, 0.474706 )
script = ExtResource( 1 )

[node name="ShinLeft" type="Spatial" parent="BoneEditor/Back/Hip/ThighLeft" instance=ExtResource( 3 )]
transform = Transform( 1, 0, 0, 0, 1, 0, 0, 0, 1, 0.0851267, 0.0135699, 0.81972 )
script = ExtResource( 1 )

[node name="FootLeft" type="Spatial" parent="BoneEditor/Back/Hip/ThighLeft/ShinLeft" instance=ExtResource( 3 )]
transform = Transform( 1, 0, 0, 0, 1, 0, 0, 0, 1, 0.10413, -0.0955018, 0.9829 )
script = ExtResource( 1 )

[node name="ToesLeft" type="Spatial" parent="BoneEditor/Back/Hip/ThighLeft/ShinLeft/FootLeft" instance=ExtResource( 3 )]
transform = Transform( 1, 0, 0, 0, 1, 0, 0, 0, 1, 0.000309748, 0.281298, 0.0740509 )
script = ExtResource( 1 )

[node name="UpperarmRight" type="Spatial" parent="BoneEditor/Back" instance=ExtResource( 3 )]
transform = Transform( 1, 0, 0, 0, 1, 0, 0, 0, 1, -0.345036, -0.0351593, 0.063239 )
script = ExtResource( 1 )

[node name="ForearmRight" type="Spatial" parent="BoneEditor/Back/UpperarmRight" instance=ExtResource( 3 )]
transform = Transform( 1, 0, 0, 0, 1, 0, 0, 0, 1, -0.597331, -0.0418559, -0.00335073 )
script = ExtResource( 1 )

[node name="HandRight" type="Spatial" parent="BoneEditor/Back/UpperarmRight/ForearmRight" instance=ExtResource( 3 )]
transform = Transform( 1, 0, 0, 0, 1, 0, 0, 0, 1, -0.493832, 0.0293908, -0.0301184 )
script = ExtResource( 1 )

[node name="Fingers1Right" type="Spatial" parent="BoneEditor/Back/UpperarmRight/ForearmRight/HandRight" instance=ExtResource( 3 )]
transform = Transform( 1, 0, 0, 0, 1, 0, 0, 0, 1, -0.223775, 0.0174231, -0.00767558 )
script = ExtResource( 1 )

[node name="Fingers2Right" type="Spatial" parent="BoneEditor/Back/UpperarmRight/ForearmRight/HandRight/Fingers1Right" instance=ExtResource( 3 )]
transform = Transform( 1, 0, 0, 0, 1, 0, 0, 0, 1, -0.0995092, 0.000491326, 1.28005e-08 )
script = ExtResource( 1 )

[node name="Thumb1Right" type="Spatial" parent="BoneEditor/Back/UpperarmRight/ForearmRight/HandRight" instance=ExtResource( 3 )]
transform = Transform( 1, 0, 0, 0, 1, 0, 0, 0, 1, -0.085803, 0.0903113, 0.0154566 )
script = ExtResource( 1 )

[node name="Thumb2Right" type="Spatial" parent="BoneEditor/Back/UpperarmRight/ForearmRight/HandRight/Thumb1Right" instance=ExtResource( 3 )]
transform = Transform( 1, 0, 0, 0, 1, 0, 0, 0, 1, -0.0258553, 0.112761, -0.00312099 )
script = ExtResource( 1 )

[node name="Head" type="Spatial" parent="BoneEditor/Back" instance=ExtResource( 3 )]
transform = Transform( 1, 0, 0, 0, 1, 0, 0, 0, 1, 0, 0.045771, -0.113788 )
script = ExtResource( 1 )

[node name="UpperarmLeft" type="Spatial" parent="BoneEditor/Back" instance=ExtResource( 3 )]
transform = Transform( 1, 0, 0, 0, 1, 0, 0, 0, 1, 0.345036, -0.0351593, 0.063239 )
script = ExtResource( 1 )

[node name="ForearmLeft" type="Spatial" parent="BoneEditor/Back/UpperarmLeft" instance=ExtResource( 3 )]
transform = Transform( 1, 0, 0, 0, 1, 0, 0, 0, 1, 0.597331, -0.0418559, -0.00335072 )
script = ExtResource( 1 )

[node name="HandLeft" type="Spatial" parent="BoneEditor/Back/UpperarmLeft/ForearmLeft" instance=ExtResource( 3 )]
transform = Transform( 1, 0, 0, 0, 1, 0, 0, 0, 1, 0.493832, 0.0293908, -0.0301184 )
script = ExtResource( 1 )

[node name="Fingers1Left" type="Spatial" parent="BoneEditor/Back/UpperarmLeft/ForearmLeft/HandLeft" instance=ExtResource( 3 )]
transform = Transform( 1, 0, 0, 0, 1, 0, 0, 0, 1, 0.223775, 0.0174231, -0.0076756 )
script = ExtResource( 1 )

[node name="Fingers2Left" type="Spatial" parent="BoneEditor/Back/UpperarmLeft/ForearmLeft/HandLeft/Fingers1Left" instance=ExtResource( 3 )]
transform = Transform( 1, 0, 0, 0, 1, 0, 0, 0, 1, 0.0995092, 0.000491346, 5.99068e-09 )
script = ExtResource( 1 )

[node name="Thumb1Left" type="Spatial" parent="BoneEditor/Back/UpperarmLeft/ForearmLeft/HandLeft" instance=ExtResource( 3 )]
transform = Transform( 1, 0, 0, 0, 1, 0, 0, 0, 1, 0.0858031, 0.0903113, 0.0154566 )
script = ExtResource( 1 )

[node name="Thumb2Left" type="Spatial" parent="BoneEditor/Back/UpperarmLeft/ForearmLeft/HandLeft/Thumb1Left" instance=ExtResource( 3 )]
transform = Transform( 1, 0, 0, 0, 1, 0, 0, 0, 1, 0.0258551, 0.112761, -0.00312097 )
script = ExtResource( 1 )
